pre:
0 
0.0322 
0.0622 
0.09 
0.1155 
0.1388 
0.16 
0.1788 
0.1955 
0.21 
0.2222 
0.2322 
0.24 
0.2455 
0.2488 
0.25 
0.2488 
0.2455 
0.24 
0.2322 
0.2222 
0.21 
0.1955 
0.1788 
0.1599 
0.1388 
0.1155 
0.0899 
0.0622 
0.0322 
0 

wsp1:
0 
0.0027 
0.0054 
0.0081 
0.0106 
0.013 
0.0153 
0.0174 
0.0193 
0.021 
0.0224 
0.0236 
0.0246 
0.0253 
0.0257 
0.0258 
0.0257 
0.0253 
0.0246 
0.0236 
0.0224 
0.021 
0.0193 
0.0174 
0.0153 
0.013 
0.0106 
0.0081 
0.0054 
0.0027 
0 

hm:
0 
0.0333 
0.0666 
0.1 
0.1333 
0.1666 
0.2 
0.2333 
0.2666 
0.3 
0.3333 
0.3666 
0.4 
0.4333 
0.4666 
0.5 
0.5333 
0.5666 
0.6 
0.6333 
0.6666 
0.7 
0.7333 
0.7666 
0.8 
0.8333 
0.8666 
0.9 
0.9333 
0.9666 
1 

resh:
-0 
0.0027 
0.0055 
0.0081 
0.0107 
0.0131 
0.0154 
0.0175 
0.0194 
0.0211 
0.0226 
0.0238 
0.0247 
0.0254 
0.0259 
0.026 
0.0259 
0.0254 
0.0247 
0.0238 
0.0226 
0.0211 
0.0194 
0.0175 
0.0154 
0.0131 
0.0107 
0.0081 
0.0055 
0.0027 
-0 

